330,5
330,3
330,2
330,1
330,0
329,3
329,2
329,1
329,0
328,5
328,4
328,3
328,2
328,1
328,0
327,3
327,2
327,1
327,0
326,8
326,7
326,5
326,3
326,2
326,1
326,0
325,5
325,4
325,3
325,2
325,1
325,0
324,4
324,3
324,2
324,1
324,0
323,3
323,2
323,1
323,0
322,5
322,3
322,2
322,1
322,0
321,3
321,2
321,1
321,0
320,6
320,5
320,4
320,3
320,2
320,1
320,0
319,3
319,2
319,1
319,0
318,5
318,4
318,3
318,2
318,1
318,0
317,3
317,2
317,1
317,0
316,5
316,4
316,3
316,2
316,1
316,0
315,5
315,4
315,3
315,2
315,1
315,0
314,3
314,2
314,1
314,0
312,5
312,3
312,2
312,1
310,5
310,4
310,3
310,2
310,1
308,9
308,8
308,7
308,3
308,2
308,1
304,5
304,3
304,2
304,1
302,6
302,5
302,4
302,3
302,2
302,1
300,5
300,4
300,3
300,2
300,1
298,5
298,4
298,3
298,2
298,1
297,5
297,4
297,3
297,2
297,1
296,3
296,2
296,1
2,3
2,2
2,0
1,3
4,3
2,1
0,243
0,9
0,1
0,300
0,299
0,298
0,297
0,296
0,295
0,294
0,293
0,292
0,291
0,290
0,289
0,288
0,287
0,286
0,285
0,284
0,283
0,282
0,281
0,280
0,279
0,278
0,277
0,276
0,275
0,274
0,273
0,272
0,271
0,270
0,269
0,268
0,267
0,266
0,265
0,264
0,263
0,262
0,261
0,260
0,259
0,258
0,257
0,256
0,255
0,254
0,253
0,252
0,251
0,250
0,249
0,248
0,247
0,246
0,245
0,244
0,242
0,241
0,240
0,239
0,238
0,237
0,236
0,235
0,234
0,233
0,232
0,231
0,230
0,229
0,228
0,227
0,226
0,225
0,224
0,223
0,222
0,221
0,220
0,219
0,218
0,217
0,216
0,215
0,214
0,213
0,212
0,211
0,210
0,209
0,208
0,207
0,206
0,205
0,204
0,203
0,202
0,201
0,200
0,199
0,198
0,197
0,196
0,195
0,194
0,193
0,192
0,63
0,62
0,61
0,60
0,59
0,58
0,57
0,56
0,55
0,54
0,53
0,52
0,51
0,50
0,49
0,48
0,47
0,46
0,45
0,6
0,0
0,5
0,304
0,303
0,306
0,305
0,302
0,12
0,10
0,8
0,11
0,2
0,4
0,3
0,7
312,0
310,0
308,0
304,0
302,0
300,0
298,0
297,0
296,0
